3277744825
2075991258
24953987
58309396
2311777191
4097002713
2617312301
2838825517
2842025145
3060826974
2476122969
2295112491
3326137762
2334869968
4014038653
1945737298
3127376757
2034830381
3780312006
2806874078
949878994
4267425383
3082963777
3376540717
116382905
1118739139
1943806589
318275607
2047711928
2051316915
2262742493
4135007782
2979860269
1977756097
4075232526
2316829322
1006631518
484764857
3014210483
1251467309
3883638277
4231220441
3261529797
2090631134
3710077151
694631307
3133164353
4226497715
3066753104
3592174265
3992562006
391741116
341409468
779715544
1918607527
1426323663
1653225814
1151051111
2566980653
19199658
452028844
2929740197
3056754874
2973349056
175014872
2095083557
691638940
1243335861
2107669682
3292435100
3241580858
2186385096
2286453538
799272724
515695907
476873688
3984183733
1786895395
1720715458
1932439085
627999704
240746172
158106584
3084778687
2559971123
2785387183
2523694040
376210392
3526897345
1079477208
3219725431
1795086683
4023596984
2110945350
1683604418
564455682
546787523
2159032009
2840575419
818668835
431366661
3758144792
74351576
2009144424
4004813497
57574360
3819877827
2098776515
2901680789
3722278949
1122817973
2725020632
275547096
2533485754
44416871
2423161816
168344109
2984750381
2506916824
2607580120
3187806841
867588736
774518177
337144499
3019463844
2293549844
2035860485
3653768123
3181662498
781472297
2588707247
677175387
3389083740
3796999718
3971329643
2332306035
3277309900
1332376874
1319502168
21533799
131985322
199064173
4026747931
1511877588
1887542180
2106448093
1610864904
2548784687
1542239945
1833100734
1676143409
3095841224
377367746
1420535225
4216983673
2533385263
86340796
1334902579
2965586799
3844627133
2686209059
3030684011
582069805
73286171
1095774796
27507646
3084209002
3671236282
3267595227
2454970057
1324472245
1290325272
957939621
245149485
1427389322
1680282299
686057683
1305657908
977064661
478733120
4127911614
1565819864
1780488287
140508244
1522704686
1963748542
3406858797
1168325179
3730854220
2694329777
2197546285
821983319
321168231
3496702977
1571667047
3275312345
332732632
3792131505
439813823
122217345
621435973
3529828797
1792383531
1176580711
2419580593
1189156190
2637451587
1952989798
2515543706
2509428921
1978138794
3561723835
3570625857
711592017
2108209722
1978719819
42794853
2219052222
2919279580
1534916316
3362860581
653242057
2243996056
449046573
1926868248
1954827013
1231504548
813811060
535006566
53839033
3659354059
2528669113
1329603665
1642283309
649404336
324298065
317512889
969357491
3011463299
1990176441
4140160870
718512770
2490763131
3269158587
327003806
895221930
2057121482
3417430367
2122561298
2640525268
187181350
3212972489
66633063
1970454203
2699144885
3394830467
2366592945
2982174541
1854005704
1341544487
2389150174
2786883760
1367805747
3002863029
2072422247
3672602550
3397403750
1599494989
3298089055
23532448
680165982
2386064729
2599919052
2095156078
2152447925
1288612232
1453634919
218666185
1135097273
897467556
2620316973
737331645
3423148218
1006893263
2223816305
1556777295
2833543806
952594711
4246665639
632266675
2839397707
3526583427
567732145
1211260862
1191405495
1159286965
3199882417
3067117758
2281959064
237033318
3471621555
1870371257
846638224
813953451
1817421586
1081728860
2926091799
1898774542
1305767233
3986638812
4001945821
1666646666
1524587315
170721294
3128281036
2569825583
3139248058
1844445998
1432868537
3396386349
4260029445
376761137
2824765116
1263043544
908470990
4225635984
2769185456
4206541758
175595914
615467330
3822055338
18804525
2093248735
3347541031
1523093030
1774955740
2329790848
1292144779
390026417
878444714
3852182887
3082708913
1294900529
364269389
1914835069
1389894874
942833630
2843074731
1738325295
2523825112
3084853885
1177023892
1915852979
3429274723
3131144827
3104109406
1985073589
486480574
722990951
3659256650
639153598
101922248
3254911025
1009822396
103746676
3828383848
2507020903
1990841027
3981931914
909742748
494322285
1214152380
1023197108
3217091598
318653777
4100539706
538586498
3881775420
3822547759
543436647
582339517
112386689
879608251
3726986171
2212683295
241162335
2030237903
3671661672
1467429296
2840344418
2183652909
2871533203
3482232159
773521608
2076148149
216379829
1715913319
186206254
177843461
3888932988
129294773
2962445482
2256133980
3363218059
3657704895
356458853
412977709
1865840012
2170844104
4273928381
2771799747
403008702
30587906
3725863353
331329069
3213228046
3969877037
305693463
2065530068
1043960476
3713248103
2998389941
3918118513
2595532391
2681432956
3010338126
1577712478
3437118078
3316892453
2007405102
519114934
1315123656
1976848565
2926712009
4160603204
127546801
1582541671
1209458550
1902048988
386528683
2207671178
1949598823
2989079230
2598957576
239861898
1414573613
1326360372
2073166010
2250403431
851073469
178255207
3145268639
1490005366
3985355623
3203357824
3678128010
2291557258
216240231
2508880999
1792584991
1888840539
1658881404
3175450493
1654397374
3264433834
1035278960
3286800487
2731678055
3164564801
240165735
1240013928
3122192683
318398858
2061769945
3450077557
542173628
49005492
2196541128
2224443587
653084205
61975399
676883559
2702870646
2458755687
1610404018
1686435242
53929319
4076420166
3960412255
2063585544
2233006646
364420199
302463381
759137639
1993456077
2453509666
4267205555
169938118
4177116519
972541369
1335513876
2048293223
4207061351
2042880813
561200305
3592288679
1864251505
2399059892
2676539182
44628444
2463907131
333512059
1323745115
2212840373
376791468
1264461644
851535207
1997880202
4064588333
4123875767
672378761
3902669159
3598064743
184008643
2934401214
443196007
3468323196
1802184136
1435212391
519132494
1558314604
2498271335
3321741165
4171692986
2666055262
764028872
570846654
1592650533
976790119
989874544
4086732836
4112641676
600887217
597949559
1381677178
1926896318
1450648141
4183162206
1772186983
2145627254
1338294119
2596803585
322909306
1185727967
2025130677
310622910
3605987496
2519845325
1945688008
1321297255
3266201562
2589141856
1630566832
3030804604
376055482
3795878167
3916213075
2873418165
979693884
2308334474
234599527
1117541706
895943306
572714835
3403949674
3628886375
167968870
581415371
1134866477
3593407604
1180851735
3370801005
1456493332
2716025133
1253151079
1942145648
1959218203
1475818677
693000876
963699780
736788767
3172470704
2495111112
2576160968
3401118216
2408131759
2451268455
3164037674
2181369534
2334589850
1964877415
4138965291
2051190375
582201446
2438752428
1576378077
1038053566
2863694014
4069955620
2612697978
370961446
2190041505
1478869185
1434761918
1711305161
385113781
2464920927
3454440494
36700791
924364037
580942512
1513452490
3389194342
4064614009
816569179
87514296
1773337004
3222523483
3637338727
3739355313
4188060605
2472711645
3803278183
2197734330
1435173754
1215598731
4054391134
1188927591
4212980135
2696989327
374854590
1396689338
2293653858
3853488689
517056359
705339230
313715559
3206555998
854465895
1539496200
1903711100
3125903986
1391957863
917155077
3877877185
2929204328
2863754087
3545068938
504220859
3899707912
497288889
3193594763
1292663984
1787098538
2561113776
2404925906
2170716092
2192716469
23505453
2721233003
1465615128
3176695470
2863165303
1511872428
3277374060
2597767015
472660839
1917497009
1308328374
1243586398
1343693756
670597143
1676452141
2373343352
1352178778
608612530
2775694183
1217489455
4262960166
3604146190
3558404685
3304414839
2971051103
2566659192
4130668376
258400693
3061687655
3098099245
3298999210
323750240
358351164
4193303225
3668642407
2604624999
4122103769
1116357729
2052948069
667811775
2867841725
1517019573
2111560039
3362512827
516205829
1044467381
1094825490
213413497
1507489736
722430844
503981159
3931122181
1397962937
4185048628
3129864968
1789640900
1092694631
1405264174
480122975
1526981677
864159097
2860122018
2455431605
3209883091
3303357875
3817893460
3406870021
83285862
1978663726
1128824798
1298949553
282608676
1834189357
37679806
460227544
1565651803
1871423022
707203899
1889513145
4183256254
989476902
1601015143
2598412117
1794856881
3517244593
2444097896
763988621
1289643450
49200571
1692178377
853534245
3657156926
419694111
2858802361
4266980522
531410181
1706166433
421178629
718897729
1118424679
3850935490
1708075358
162874419
1169168338
2254996145
2616603272
235297149
229302453
1163917133
2325000373
175944551
2337597608
3449511287
3735182173
984866433
905864895
3516775978
561588327
458203101
357390775
3804569205
1631593486
1928031419
2792003761
1614737067
2882079409
3945986727
1243280687
2234445495
2885259189
1545992363
3276388397
1863490250
1198371117
3020120106
2255987047
2820721524
1118771550
4205931367
1678257075
1142143678
36824621
1864409389
2916794215
2571856300
1496908859
2484078411
2287105127
1657174619
4067756725
2250762085
2317461926
1650507111
3426996011
3861427646
3061841255
446464871
1806046139
2603028839
1476622395
918526311
2187659046
2640772027
1681626312
263744200
2351066727
2538842983
141332839
2817768304
2532647794
2184573743
246966984
220655026
19700426
893355367
2765087021
907255646
920648644
3892586846
3447744734
553156631
176914291
73314996
2388137054
967309276
3727841992
911978873
2055645543
1975693927
3450741449
1182518453
60533607
4062487399
2734248060
3199705614
2977318321
3383612350
2050320743
984219493
163669294
80021286
3736205117
3010771645
803367537
696785096
1406609254
3925768382
2530727263
2746542021
1800192445
3370365031
2225199486
702448828
1152369007
1129541817
364523111
974756455
635672109
2715619387
1516351533
2167390823
1521626566
3794269900
182209345
2239983532
950709509
3604426438
1734753161
4117028025
3364754143
1004735929
2759845470
1111028139
177781947
78687493
240441897
1723833382
2313745707
1207004076
416618712
975869047
359181494
383661238
28032871
3397581995
3880751165
1942139495
2275622027
3408825809
2149659239
3435084995
1323858881
1031126317
4208800806
3513402727
1252458341
2610346797
1258003916
3543905726
63352069
4007313255
3635212726
2724248935
3126284747
97254959
3436774600
3263216231
581761716
2864861869
3823600201
193816679
381005927
1121680062
477397976
1661601465
4133805241
4183359252
2931221177
2235705999
4162712881
1118881300
3908871802
193919268
1123464506
2767219547
2289382848
2647746988
2781130855
1634059142
1134652276
3584850603
186776380
2014731674
2984564680
894626242
3801281032
362080428
48551880
4017803185
3567807
2432879892
828965187
906808596
1979905812
4249851181
2638779495
1954417352
2358889332
2723161703
986960314
3182751508
1704729022
2988577467
2156943759
908330427
18673453
2689382769
183273766
361303761
4284800185
3475862974
3288165492
203553596
2590400200
1501923003
3122983085
843692820
2240772542
2533693535
2663662005
2909199923
1732789937
1391363115
3466815660
99528295
2109994419
4093062962
1172047917
712822457
1834755406
179858120
425640628
332318576
4101866657
2803405945
197569797
1145657773
3117829184
3120832550
3867258557
1327575655
3825856939
2192960359
3157582893
1978351740
3145906221
1205412477
2519714843
1127353786
2791945607
1117627751
2467939252
2723578482
3415800684
3230053515
1098242003
3514710484
1645749351
2014497659
3748198315
3485485829
3549257914
3185595290
1751459765
276249264
2689887079
143766451
2726175845
3992255858
1351127085
2109014459
745974928
4074797686
1997987702
895043715
985340616
812316331
2322498520
1791785672
293587643
1732816311
2557137362
2457386419
3915567946
2200118375
2936498500
2329138773
1552978455
302883687
1389207655
1681018215
1803501937
2838975546
359564248
2001439335
3370256794
274815021
503180989
43866688
412832429
748619112
1060628652
1662851359
434183272
2281143233
2998310074
2693406125
4235777392
1857480613
285991848
712936295
716608698
977400623
484892168
2340006768
1179678895
651876021
77971303
2714116564
2430521608
181555626
1786176132
3105634709
457024103
3040777857
3241769072
3300330353
3270284635
3102740640
439805287
4009220872
3316171229
740877422
2614511025
2305590232
4127327533
843430475
4066696377
3803107225
2709148205
3031726256
216395890
1980703798
4073224104
452493335
75192520
3192737718
3824784743
1963926582
1539617450
57204275
1764187927
493208454
2014258230
1408486030
3883417026
1447032286
2873652327
653658522
2313596338
238673823
1325962790
1224173274
1655258669
3352523899
2710943111
2229392509
2248916917
3697109704
451076653
2458609342
645572319
204662830
3839075115
2474163635
3518536807
2515387321
966664895
4197936500
1138163629
2096510920
1302662250
1800646503
3126795413
830087362
788593444
289238195
2937781169
2810287661
2810696378
3666171579
2099031915
1294021223
2703056522
364407496
3274919625
3129409909
3670279624
861667498
859506482
426513351
4260782474
2817267748
3168232562
2450370416
929216274
4065852710
2708374488
3058635977
2473695277
3338310503
1931008264
2501112747
3880728102
2840443249
1984373037
4182397810
3640588190
1758772251
1537859080
4243747114
1909450390
4185296000
3962505903
2771810416
3240119770
78191993
2824027949
2611788714
3215293104
272847212
1780487529
3129466299
1890067889
3245442568
4149910862
19417273
779940984
452626726
98255908
1360882644
1849096341
576552661
914172428
3870511789
1962093494
782443882
1020905561
276521082
219125286
2386627889
3180255453
1260086119
1121677615
1585336871
502837607
2028122036
3551384510
324010300
729475118
728824178
2229845607
3453178163
1295017091
829928551
1457298889
2381074139
2718722684
326315557
1590952638
3604176571
2580561582
1384445354
1364754536
834693548
4261562313
2024273884
1955570368
1712895595
202109360
2732885805
3616336760
3830649201
3020228127
172128181
230593153
416490854
2337575783
1432610836
4123540518
63244070
3450973031
1781815820
359433176
1712850733
2823803102
2928507830
2439686552
1659375029
1533734841
1756949677
2170134789
433282583
1058048557
1241759848
3793882625
2504032535
627432633
533931366
2086388531
500376934
466822502
433268070
2175455665
4012205275
2285492591
4028982491
2368538173
759886199
2107185469
574310973
272662388
4112868571
4079314139
686485470
218939569
1608430777
520670846
4045759707
